[
  
[0,0,1],[1,0,1],[2,0,1],[3,0,1],[4,0,1],[5,0,1],[6,0,1],[7,0,1],[8,0,1],[9,0,1],[10,0,1],[11,0,0],[12,0,0],[13,0,0],[14,0,0],[15,0,0],[16,0,0],[17,0,0],[18,0,0],[19,0,0],[20,0,0],[21,0,0],[22,0,0],[23,0,1],[24,0,1],[25,0,1],[26,0,1],[27,0,1],[28,0,1],[29,0,1],[30,0,1],[31,0,1],[32,0,1],[33,0,1],

[33,1,1],[32,1,1],[31,1,1],[30,1,1],[29,1,1],[28,1,1],[27,1,1],[26,1,1],[25,1,1],[24,1,0],[23,1,0],[22,1,0],[21,1,0],[20,1,0],[19,1,0],[18,1,0],[17,1,0],[16,1,0],[15,1,0],[14,1,0],[13,1,0],[12,1,0],[11,1,0],[10,1,0],[9,1,0],[8,1,1],[7,1,1],[6,1,1],[5,1,1],[4,1,1],[3,1,1],[2,1,1],[1,1,1],[0,1,1],

[0,2,1],[1,2,1],[2,2,1],[3,2,1],[4,2,1],[5,2,1],[6,2,1],[7,2,1],[8,2,0],[9,2,0],[10,2,0],[11,2,0],[12,2,0],[13,2,0],[14,2,0],[15,2,0],[16,2,0],[17,2,0],[18,2,0],[19,2,0],[20,2,0],[21,2,0],[22,2,0],[23,2,0],[24,2,0],[25,2,0],[26,2,1],[27,2,1],[28,2,1],[29,2,1],[30,2,1],[31,2,1],[32,2,1],[33,2,1],

[33,3,1],[32,3,1],[31,3,1],[30,3,1],[29,3,1],[28,3,1],[27,3,1],[26,3,0],[25,3,0],[24,3,0],[23,3,0],[22,3,0],[21,3,0],[20,3,0],[19,3,0],[18,3,0],[17,3,0],[16,3,0],[15,3,0],[14,3,0],[13,3,0],[12,3,0],[11,3,0],[10,3,0],[9,3,0],[8,3,0],[7,3,0],[6,3,1],[5,3,1],[4,3,1],[3,3,1],[2,3,1],[1,3,1],[0,3,1],

[0,4,1],[1,4,1],[2,4,1],[3,4,1],[4,4,1],[5,4,1],[6,4,0],[7,4,0],[8,4,0],[9,4,0],[10,4,0],[11,4,0],[12,4,0],[13,4,0],[14,4,0],[15,4,0],[16,4,0],[17,4,0],[18,4,0],[19,4,0],[20,4,0],[21,4,0],[22,4,0],[23,4,0],[24,4,0],[25,4,0],[26,4,0],[27,4,0],[28,4,1],[29,4,1],[30,4,1],[31,4,1],[32,4,1],[33,4,1],

[33,5,1],[32,5,1],[31,5,1],[30,5,1],[29,5,1],[28,5,0],[27,5,0],[26,5,0],[25,5,0],[24,5,0],[23,5,0],[22,5,0],[21,5,0],[20,5,0],[19,5,0],[18,5,0],[17,5,0],[16,5,0],[15,5,0],[14,5,0],[13,5,0],[12,5,0],[11,5,0],[10,5,0],[9,5,0],[8,5,0],[7,5,0],[6,5,0],[5,5,0],[4,5,1],[3,5,1],[2,5,1],[1,5,1],[0,5,1],

[0,6,1],[1,6,1],[2,6,1],[3,6,1],[4,6,0],[5,6,0],[6,6,0],[7,6,0],[8,6,0],[9,6,0],[10,6,0],[11,6,0],[12,6,0],[13,6,0],[14,6,0],[15,6,0],[16,6,0],[17,6,0],[18,6,0],[19,6,0],[20,6,0],[21,6,0],[22,6,0],[23,6,0],[24,6,0],[25,6,0],[26,6,0],[27,6,0],[28,6,0],[29,6,0],[30,6,1],[31,6,1],[32,6,1],[33,6,1],

[33,7,1],[32,7,1],[31,5,1],[30,7,0],[29,7,0],[28,7,0],[27,7,0],[26,7,0],[25,7,0],[24,7,0],[23,7,1],[22,7,1],[21,7,1],[20,7,1],[19,7,1],[18,7,1],[17,7,1],[16,7,1],[15,7,1],[14,7,1],[13,7,1],[12,7,1],[11,7,1],[10,7,1],[9,7,0],[8,7,0],[7,7,0],[6,7,0],[5,7,0],[4,7,1],[3,7,0],[2,7,1],[1,7,1],[0,7,1],

[0,8,1],[1,8,1],[2,8,1],[3,8,0],[4,8,0],[5,8,0],[6,8,0],[7,8,0],[8,8,0],[9,8,0],[10,8,1],[11,8,1],[12,8,1],[13,8,1],[14,8,1],[15,8,1],[16,8,1],[17,8,1],[18,8,1],[19,8,1],[20,8,1],[21,8,1],[22,8,1],[23,8,1],[24,8,0],[25,8,0],[26,8,0],[27,8,0],[28,8,0],[29,8,0],[30,8,0],[31,8,1],[32,8,1],[33,8,1],

[33,9,1],[32,9,1],[31,9,0],[30,9,0],[29,9,0],[28,9,0],[27,9,0],[26,9,0],[25,9,0],[24,9,0],[23,9,1],[22,9,1],[21,9,1],[20,9,1],[19,9,1],[18,9,1],[17,9,1],[16,9,1],[15,9,1],[14,9,1],[13,9,1],[12,9,1],[11,9,1],[10,9,1],[9,9,0],[8,9,0],[7,9,0],[6,9,0],[5,9,0],[4,9,1],[3,9,0],[2,9,0],[1,9,1],[0,9,1],

[0,10,1],[1,10,0],[2,10,0],[3,10,0],[4,10,0],[5,10,0],[6,10,1],[7,10,1],[8,10,1],[9,10,1],[10,10,1],[11,10,1],[12,10,1],[13,10,1],[14,10,0],[15,10,0],[16,10,1],[17,10,1],[18,10,0],[19,10,0],[20,10,1],[21,10,1],[22,10,1],[23,10,1],[24,10,1],[25,10,1],[26,10,1],[27,10,1],[28,10,0],[29,10,0],[30,10,0],[31,10,0],[32,10,0],[33,10,1],

[33,11,1],[32,11,0],[31,11,0],[30,11,0],[29,11,0],[28,11,0],[27,11,1],[26,11,1],[25,11,1],[24,11,1],[23,11,1],[22,11,1],[21,11,1],[20,11,1],[19,11,0],[18,11,0],[17,11,1],[16,11,1],[15,11,0],[14,11,0],[13,11,1],[12,11,1],[11,11,1],[10,11,1],[9,11,1],[8,11,1],[7,11,1],[6,11,1],[5,11,0],[4,11,0],[3,11,0],[2,11,0],[1,11,0],[0,11,1],

[0,12,0],[1,12,0],[2,12,0],[3,12,0],[4,12,0],[5,12,0],[6,12,1],[7,12,1],[8,12,1],[9,12,1],[10,12,1],[11,12,1],[12,12,1],[13,12,1],[14,12,1],[15,12,1],[16,12,1],[17,12,1],[18,12,1],[19,12,1],[20,12,1],[21,12,1],[22,12,1],[23,12,1],[24,12,1],[25,12,1],[26,12,1],[27,12,1],[28,12,0],[29,12,0],[30,12,0],[31,12,0],[32,12,0],[33,12,0],

[33,13,0],[32,13,0],[31,13,0],[30,13,0],[29,13,0],[28,13,0],[27,13,0],[26,13,0],[25,13,0],[24,13,0],[23,13,1],[22,13,1],[21,13,1],[20,13,1],[19,13,1],[18,13,1],[17,13,1],[16,13,1],[15,13,1],[14,13,1],[13,13,1],[12,13,1],[11,13,1],[10,13,1],[9,13,0],[8,13,0],[7,13,0],[6,13,0],[5,13,0],[4,13,0],[3,13,0],[2,13,0],[1,13,0],[0,13,0],

[0,14,0],[1,14,0],[2,14,0],[3,14,0],[4,14,0],[5,14,0],[6,14,0],[7,14,0],[8,14,0],[9,14,0],[10,14,0],[11,14,0],[12,14,1],[13,14,1],[14,14,1],[15,14,1],[16,14,1],[17,14,1],[18,14,1],[19,14,1],[20,14,1],[21,14,1],[22,14,0],[23,14,0],[24,14,0],[25,14,0],[26,14,0],[27,14,0],[28,14,0],[29,14,0],[30,14,0],[31,14,0],[32,14,0],[33,14,0],

[33,15,0],[32,15,0],[31,15,0],[30,15,0],[29,15,0],[28,15,0],[27,15,0],[26,15,0],[25,15,0],[24,15,0],[23,15,0],[22,15,0],[21,15,1],[20,15,1],[19,15,1],[18,15,1],[17,15,1],[16,15,1],[15,15,1],[14,15,1],[13,15,1],[12,15,1],[11,15,0],[10,15,0],[9,15,0],[8,15,0],[7,15,0],[6,15,0],[5,15,0],[4,15,0],[3,15,0],[2,15,0],[1,15,0],[0,15,0],

[0,16,0],[1,16,0],[2,16,0],[3,16,0],[4,16,0],[5,16,0],[6,16,0],[7,16,0],[8,16,0],[9,16,0],[10,16,0],[11,16,0],[12,16,1],[13,16,1],[14,16,1],[15,16,1],[16,16,1],[17,16,1],[18,16,1],[19,16,1],[20,16,1],[21,16,1],[22,16,0],[23,16,0],[24,16,0],[25,16,0],[26,16,0],[27,16,0],[28,16,0],[29,16,0],[30,16,0],[31,16,0],[32,16,0],[33,16,0],

[33,17,0],[32,17,0],[31,17,0],[30,17,0],[29,17,0],[28,17,0],[27,17,0],[26,17,0],[25,17,0],[24,17,0],[23,17,0],[22,17,0],[21,17,0],[20,17,1],[19,17,1],[18,17,1],[17,17,1],[16,17,1],[15,17,1],[14,17,1],[13,17,1],[12,17,0],[11,17,0],[10,17,0],[9,17,0],[8,17,0],[7,17,0],[6,17,0],[5,17,0],[4,17,0],[3,17,0],[2,17,0],[1,17,0],[0,17,0],

[0,18,0],[1,18,0],[2,18,0],[3,18,0],[4,18,0],[5,18,0],[6,18,0],[7,18,0],[8,18,0],[9,18,0],[10,18,0],[11,18,0],[12,18,0],[13,18,0],[14,18,0],[15,18,0],[16,18,0],[17,18,0],[18,18,0],[19,18,0],[20,18,0],[21,18,0],[22,18,0],[23,18,0],[24,18,0],[25,18,0],[26,18,0],[27,18,0],[28,18,0],[29,18,0],[30,18,0],[31,18,0],[32,18,0],[33,18,0],

[33,19,0],[32,19,0],[31,19,0],[30,19,0],[29,19,0],[28,19,0],[27,19,0],[26,19,0],[25,19,0],[24,19,0],[23,19,0],[22,19,0],[21,19,0],[20,19,0],[19,19,0],[18,19,0],[17,19,0],[16,19,0],[15,19,0],[14,19,0],[13,19,0],[12,19,0],[11,19,0],[10,19,0],[9,19,0],[8,19,0],[7,19,0],[6,19,0],[5,19,0],[4,19,0],[3,19,0],[2,19,0],[1,19,0],[0,19,0],

[0,20,1],[1,20,0],[2,20,0],[3,20,0],[4,20,0],[5,20,0],[6,20,0],[7,20,0],[8,20,0],[9,20,0],[10,20,0],[11,20,0],[12,20,0],[13,20,0],[14,20,0],[15,20,0],[16,20,0],[17,20,0],[18,20,0],[19,20,0],[20,20,0],[21,20,0],[22,20,0],[23,20,0],[24,20,0],[25,20,0],[26,20,0],[27,20,0],[28,20,0],[29,20,0],[30,20,0],[31,20,0],[32,20,0],[33,20,1],

[33,21,1],[32,21,0],[31,21,0],[30,21,0],[29,21,0],[28,21,0],[27,21,0],[26,21,0],[25,21,0],[24,21,0],[23,21,0],[22,21,0],[21,21,0],[20,21,0],[19,21,0],[18,21,0],[17,21,0],[16,21,0],[15,21,0],[14,21,0],[13,21,0],[12,21,0],[11,21,0],[10,21,0],[9,21,0],[8,21,0],[7,21,0],[6,21,0],[5,21,0],[4,21,0],[3,21,0],[2,21,0],[1,21,0],[0,21,1],

[0,22,1],[1,22,0],[2,22,0],[3,22,0],[4,22,0],[5,22,0],[6,22,0],[7,22,0],[8,22,0],[9,22,0],[10,22,0],[11,22,0],[12,22,0],[13,22,0],[14,22,0],[15,22,0],[16,22,0],[17,22,0],[18,22,0],[19,22,0],[20,22,0],[21,22,0],[22,22,0],[23,22,0],[24,22,0],[25,22,0],[26,22,0],[27,22,0],[28,22,0],[29,22,0],[30,22,0],[31,22,0],[32,22,0],[33,22,1],

[33,23,1],[32,23,1],[31,23,0],[30,23,0],[29,23,0],[28,23,0],[27,23,0],[26,23,0],[25,23,0],[24,23,0],[23,23,0],[22,23,0],[21,23,0],[20,23,0],[19,23,0],[18,23,0],[17,23,0],[16,23,0],[15,23,0],[14,23,0],[13,23,0],[12,23,0],[11,23,0],[10,23,0],[9,23,0],[8,23,0],[7,23,0],[6,23,0],[5,23,0],[4,23,0],[3,23,0],[2,23,0],[1,23,1],[0,23,1],

[0,24,1],[1,24,1],[2,24,1],[3,24,0],[4,24,0],[5,24,0],[6,24,0],[7,24,0],[8,24,0],[9,24,0],[10,24,0],[11,24,0],[12,24,0],[13,24,0],[14,24,0],[15,24,0],[16,24,0],[17,24,0],[18,24,0],[19,24,0],[20,24,0],[21,24,0],[22,24,0],[23,24,0],[24,24,0],[25,24,0],[26,24,0],[27,24,0],[28,24,0],[29,24,0],[30,24,0],[31,24,1],[32,24,1],[33,24,1],

[33,25,1],[32,25,1],[31,25,1],[30,25,0],[29,25,0],[28,25,0],[27,25,0],[26,25,0],[25,25,0],[24,25,0],[23,25,0],[22,25,0],[21,25,0],[20,25,0],[19,25,0],[18,25,0],[17,25,0],[16,25,0],[15,25,0],[14,25,0],[13,25,0],[12,25,0],[11,25,0],[10,25,0],[9,25,0],[8,25,0],[7,25,0],[6,25,0],[5,25,0],[4,25,0],[3,25,0],[2,25,1],[1,25,1],[0,25,1],

[0,26,1],[1,26,1],[2,26,1],[3,26,1],[4,26,0],[5,26,0],[6,26,0],[7,26,0],[8,26,0],[9,26,0],[10,26,0],[11,26,0],[12,26,0],[13,26,0],[14,26,0],[15,26,0],[16,26,0],[17,26,0],[18,26,0],[19,26,0],[20,26,0],[21,26,0],[22,26,0],[23,26,0],[24,26,0],[25,26,0],[26,26,0],[27,26,0],[28,26,0],[29,26,0],[30,26,1],[31,26,1],[32,26,1],[33,26,1],

[33,27,1],[32,27,1],[31,27,1],[30,27,1],[29,27,1],[28,27,1],[27,27,0],[26,27,0],[25,27,0],[24,27,0],[23,27,0],[22,27,0],[21,27,0],[20,27,0],[19,27,0],[18,27,0],[17,27,0],[16,27,0],[15,27,0],[14,27,0],[13,27,0],[12,27,0],[11,27,0],[10,27,0],[9,27,0],[8,27,0],[7,27,0],[6,27,0],[5,27,1],[4,27,1],[3,27,1],[2,27,1],[1,27,1],[0,27,1],

[0,28,1],[1,28,1],[2,28,1],[3,28,1],[4,28,1],[5,28,1],[6,28,1],[7,28,1],[8,28,0],[9,28,0],[10,28,0],[11,28,0],[12,28,0],[13,28,0],[14,28,0],[15,28,0],[16,28,0],[17,28,0],[18,28,0],[19,28,0],[20,28,0],[21,28,0],[22,28,0],[23,28,0],[24,28,0],[25,28,0],[26,28,1],[27,28,1],[28,28,1],[29,28,1],[30,28,1],[31,28,1],[32,28,1],[33,28,1],

[33,29,1],[32,29,1],[31,29,1],[30,29,1],[29,29,1],[28,29,1],[27,29,1],[26,29,1],[25,29,1],[24,29,1],[23,29,1],[22,29,0],[21,29,0],[20,29,0],[19,29,0],[18,29,1],[17,29,1],[16,29,1],[15,29,1],[14,29,0],[13,29,0],[12,29,0],[11,29,0],[10,29,1],[9,29,1],[8,29,1],[7,29,1],[6,29,1],[5,29,1],[4,29,1],[3,29,1],[2,29,1],[1,29,1],[0,29,1],

[0,30,1],[1,30,1],[2,30,1],[3,30,1],[4,30,1],[5,30,1],[6,30,1],[7,30,1],[8,30,1],[9,30,1],[10,30,1],[11,30,1],[12,30,0],[13,30,0],[14,30,0],[15,30,1],[16,30,1],[17,30,1],[18,30,1],[19,30,0],[20,30,0],[21,30,0],[22,30,1],[23,30,1],[24,30,1],[25,30,1],[26,30,1],[27,30,1],[28,30,1],[29,30,1],[30,30,1],[31,30,1],[32,30,1],[33,30,1],

[33,31,1],[32,31,1],[31,31,1],[30,31,1],[29,31,1],[28,31,1],[27,31,1],[26,31,1],[25,31,1],[24,31,1],[23,31,1],[22,31,1],[21,31,1],[20,31,0],[19,31,0],[18,31,1],[17,31,1],[16,31,1],[15,31,1],[14,31,0],[13,31,0],[12,31,1],[11,31,1],[10,31,1],[9,31,1],[8,31,1],[7,31,1],[6,31,1],[5,31,1],[4,31,1],[3,31,1],[2,31,1],[1,31,1],[0,31,1],

[0,32,1],[1,32,1],[2,32,1],[3,32,1],[4,32,1],[5,32,1],[6,32,1],[7,32,1],[8,32,1],[9,32,1],[10,32,1],[11,32,1],[12,32,1],[13,32,0],[14,32,0],[15,32,1],[16,32,1],[17,32,1],[18,32,1],[19,32,0],[20,32,0],[21,32,1],[22,32,1],[23,32,1],[24,32,1],[25,32,1],[26,32,1],[27,32,1],[28,32,1],[29,32,1],[30,32,1],[31,32,1],[32,32,1],[33,32,1],

[33,33,1],[32,33,1],[31,33,1],[30,33,1],[29,33,1],[28,33,1],[27,33,1],[26,33,1],[25,33,1],[24,33,1],[23,33,1],[22,33,1],[21,33,1],[20,33,0],[19,33,0],[18,33,1],[17,33,1],[16,33,1],[15,33,1],[14,33,0],[13,33,0],[12,33,1],[11,33,1],[10,33,1],[9,33,1],[8,33,1],[7,33,1],[6,33,1],[5,33,1],[4,33,1],[3,33,1],[2,33,1],[1,33,1],[0,33,1],

[0,34,1],[1,34,1],[2,34,1],[3,34,1],[4,34,1],[5,34,1],[6,34,1],[7,34,1],[8,34,1],[9,34,1],[10,34,1],[11,34,1],[12,34,1],[13,34,0],[14,34,0],[15,34,1],[16,34,1],[17,34,1],[18,34,1],[19,34,0],[20,34,0],[21,34,1],[22,34,1],[23,34,1],[24,34,1],[25,34,1],[26,34,1],[27,34,1],[28,34,1],[29,34,1],[30,34,1],[31,34,1],[32,34,1],[33,34,1],

[33,35,1],[32,35,1],[31,35,1],[30,35,1],[29,35,1],[28,35,1],[27,35,1],[26,35,1],[25,35,1],[24,35,1],[23,35,1],[22,35,1],[21,35,1],[20,35,0],[19,35,0],[18,35,1],[17,35,1],[16,35,1],[15,35,1],[14,35,0],[13,35,0],[12,35,1],[11,35,1],[10,35,1],[9,35,1],[8,35,1],[7,35,1],[6,35,1],[5,35,1],[4,35,1],[3,35,1],[2,35,1],[1,35,1],[0,35,1]

]


